,Year,Rank,Name,Stat
0,2020,1.,Juan Soto, 212
1,2020,2.,Freddie Freeman, 186
2,2020,3.,DJ LeMahieu, 177
3,2020,4.,Marcell Ozuna, 175
4,2020,5.,Nelson Cruz, 169
5,2020,6.,Dominic Smith, 169
6,2020,7.,Mike Trout, 168
7,2020,8.,José Abreu, 166
8,2020,9.,Mike Yastrzemski, 165
9,2020,10.,Jose Ramirez, 163
10,2019,1.,Mike Trout, 182
11,2019,2.,Christian Yelich, 179
12,2019,3.,Cody Bellinger, 169
13,2019,4.,Nelson Cruz, 168
14,2019,5.,Alex Bregman, 162
15,2019,6.,Anthony Rendon, 156
16,2019,7.,George Springer, 150
17,2019,8.,Ketel Marte, 148
18,2019,9.,Pete Alonso, 147
19,2019,10.,Austin Meadows, 144
20,2018,1.,Mike Trout, 198
21,2018,2.,Mookie Betts, 186
22,2018,3.,J.D. Martinez, 173
23,2018,4.,Christian Yelich, 164
24,2018,5.,Alex Bregman, 152
25,2018,6.,Jose Ramirez, 151
26,2018,7.,Brandon Nimmo, 148
27,2018,8.,Manny Machado, 145
28,2018,9.,Matt Carpenter, 143
29,2018,10.,Paul Goldschmidt, 142
30,2017,1.,Mike Trout, 186
31,2017,2.,Aaron Judge, 171
32,2017,3.,Giancarlo Stanton, 169
33,2017,4.,Joey Votto, 167
34,2017,5.,Jose Altuve, 160
35,2017,6.,Freddie Freeman, 155
36,2017,7.,Justin Turner, 150
37,2017,8.,Marcell Ozuna, 149
38,2017,9.,Nelson Cruz, 149
39,2017,10.,Marwin Gonzalez, 146
40,2016,1.,Mike Trout, 173
41,2016,2.,David Ortiz, 164
42,2016,3.,Joey Votto, 160
43,2016,4.,Freddie Freeman, 157
44,2016,5.,Jose Altuve, 155
45,2016,6.,Miguel Cabrera, 155
46,2016,7.,Daniel Murphy, 155
47,2016,8.,Josh Donaldson, 153
48,2016,9.,Nelson Cruz, 147
49,2016,10.,Kris Bryant, 146
50,2015,1.,Bryce Harper, 198
51,2015,2.,Mike Trout, 176
52,2015,3.,Joey Votto, 174
53,2015,4.,Miguel Cabrera, 169
54,2015,5.,Paul Goldschmidt, 168
55,2015,6.,Nelson Cruz, 159
56,2015,7.,Josh Donaldson, 151
57,2015,8.,Edwin Encarnacion, 148
58,2015,9.,Chris Davis, 147
59,2015,10.,Anthony Rizzo, 146
60,2014,1.,José Abreu, 173
61,2014,2.,Victor Martinez, 172
62,2014,3.,Mike Trout, 169
63,2014,4.,Andrew McCutchen, 166
64,2014,5.,Giancarlo Stanton, 164
65,2014,6.,Jose Bautista, 162
66,2014,7.,Edwin Encarnacion, 152
67,2014,8.,Anthony Rizzo, 152
68,2014,9.,Miguel Cabrera, 150
69,2014,10.,Michael Brantley, 148
70,2013,1.,Miguel Cabrera, 190
71,2013,2.,Mike Trout, 179
72,2013,3.,Chris Davis, 168
73,2013,4.,Paul Goldschmidt, 160
74,2013,5.,David Ortiz, 159
75,2013,6.,Andrew McCutchen, 157
76,2013,7.,Joey Votto, 156
77,2013,8.,Jayson Werth, 153
78,2013,9.,Freddie Freeman, 147
79,2013,10.,Robinson Cano, 147
80,2012,1.,Buster Posey, 171
81,2012,2.,Mike Trout, 168
82,2012,3.,Miguel Cabrera, 164
83,2012,4.,Andrew McCutchen, 162
84,2012,5.,Ryan Braun, 158
85,2012,6.,Edwin Encarnacion, 153
86,2012,7.,Prince Fielder, 151
87,2012,8.,Robinson Cano, 148
88,2012,9.,Chase Headley, 145
89,2012,10.,David Wright, 144
90,2011,1.,Jose Bautista, 182
91,2011,2.,Miguel Cabrera, 179
92,2011,3.,Matt Kemp, 172
93,2011,4.,Ryan Braun, 166
94,2011,5.,Lance Berkman, 164
95,2011,6.,Prince Fielder, 164
96,2011,7.,Adrian Gonzalez, 155
97,2011,8.,Joey Votto, 155
98,2011,9.,Carlos Beltran, 154
99,2011,10.,David Ortiz, 154
100,2010,1.,Miguel Cabrera, 178
101,2010,2.,Albert Pujols, 173
102,2010,3.,Joey Votto, 171
103,2010,4.,Josh Hamilton, 170
104,2010,5.,Jose Bautista, 164
105,2010,6.,Paul Konerko, 160
106,2010,7.,Adrian Gonzalez, 152
107,2010,8.,Matt Holliday, 149
108,2010,9.,Shin-Soo Choo, 147
109,2010,10.,Luke Scott, 144
110,2009,1.,Albert Pujols, 189
111,2009,2.,Joe Mauer, 171
112,2009,3.,Prince Fielder, 166
113,2009,4.,Adrian Gonzalez, 162
114,2009,5.,Joey Votto, 156
115,2009,6.,Ben Zobrist, 149
116,2009,7.,Hanley Ramirez, 148
117,2009,8.,Ryan Braun, 146
118,2009,9.,Derrek Lee, 146
119,2009,10.,Kevin Youkilis, 146
120,2008,1.,Albert Pujols, 192
121,2008,2.,Chipper Jones, 176
122,2008,3.,Manny Ramirez, 166
123,2008,4.,Milton Bradley, 162
124,2008,5.,Lance Berkman, 160
125,2008,6.,Mark Teixeira, 152
126,2008,7.,Ryan Ludwick, 151
127,2008,8.,Alex Rodriguez, 150
128,2008,9.,Carlos Quentin, 149
129,2008,10.,Kevin Youkilis, 144
130,2007,1.,Alex Rodriguez, 176
131,2007,2.,Carlos Pena, 172
132,2007,3.,David Ortiz, 171
133,2007,4.,Magglio Ordonez, 166
134,2007,5.,Chipper Jones, 165
135,2007,6.,Prince Fielder, 157
136,2007,7.,Albert Pujols, 157
137,2007,8.,Jorge Posada, 153
138,2007,9.,Matt Holliday, 151
139,2007,10.,Jim Thome, 150
140,2006,1.,Travis Hafner, 181
141,2006,2.,Albert Pujols, 178
142,2006,3.,Ryan Howard, 167
143,2006,4.,Manny Ramirez, 165
144,2006,5.,Lance Berkman, 163
145,2006,6.,David Ortiz, 161
146,2006,7.,Miguel Cabrera, 159
147,2006,8.,Jim Thome, 155
148,2006,9.,Jermaine Dye, 151
149,2006,10.,Carlos Beltran, 150
150,2005,1.,Derrek Lee, 174
151,2005,2.,Alex Rodriguez, 173
152,2005,3.,Albert Pujols, 168
153,2005,4.,Travis Hafner, 168
154,2005,5.,Jason Giambi, 161
155,2005,6.,Carlos Delgado, 161
156,2005,7.,David Ortiz, 158
157,2005,8.,Vladimir Guerrero, 154
158,2005,9.,Manny Ramirez, 153
159,2005,10.,Miguel Cabrera, 151
160,2004,1.,Barry Bonds, 263
161,2004,2.,Albert Pujols, 173
162,2004,3.,Jim Edmonds, 171
163,2004,4.,Todd Helton, 165
164,2004,5.,Adrian Beltre, 163
165,2004,6.,Travis Hafner, 162
166,2004,7.,Lance Berkman, 160
167,2004,8.,Scott Rolen, 158
168,2004,9.,J.D. Drew, 157
169,2004,10.,Vladimir Guerrero, 157
170,2003,1.,Barry Bonds, 231
171,2003,2.,Albert Pujols, 187
172,2003,3.,Todd Helton, 165
173,2003,4.,Gary Sheffield, 162
174,2003,5.,Carlos Delgado, 161
175,2003,6.,Jim Edmonds, 160
176,2003,7.,Manny Ramirez, 160
177,2003,8.,Jim Thome, 154
178,2003,9.,Trot Nixon, 149
179,2003,10.,Jason Giambi, 148
180,2002,1.,Barry Bonds, 268
181,2002,2.,Jim Thome, 197
182,2002,3.,Manny Ramirez, 184
183,2002,4.,Brian Giles, 177
184,2002,5.,Jason Giambi, 172
185,2002,6.,Sammy Sosa, 160
186,2002,7.,Vladimir Guerrero, 160
187,2002,8.,Jim Edmonds, 158
188,2002,9.,Alex Rodriguez, 158
189,2002,10.,Magglio Ordonez, 154
190,2001,1.,Barry Bonds, 259
191,2001,2.,Sammy Sosa, 203
192,2001,3.,Jason Giambi, 199
193,2001,4.,Luis Gonzalez, 174
194,2001,5.,Jim Thome, 170
195,2001,6.,Gary Sheffield, 164
196,2001,7.,Manny Ramirez, 162
197,2001,8.,Lance Berkman, 161
198,2001,9.,Larry Walker, 160
199,2001,10.,Todd Helton, 160
200,2000,1.,Barry Bonds, 188
201,2000,2.,Jason Giambi, 187
202,2000,3.,Manny Ramirez, 186
203,2000,4.,Carlos Delgado, 181
204,2000,5.,Gary Sheffield, 176
205,2000,6.,Alex Rodriguez, 163
206,2000,7.,Frank Thomas, 163
207,2000,8.,Todd Helton, 163
208,2000,9.,Jeff Kent, 162
209,2000,10.,Vladimir Guerrero, 162
210,1999,1.,Mark McGwire, 177
211,1999,2.,Manny Ramirez, 174
212,1999,3.,Chipper Jones, 169
213,1999,4.,Larry Walker, 164
214,1999,5.,Jeff Bagwell, 164
215,1999,6.,Rafael Palmeiro, 160
216,1999,7.,Brian Giles, 157
217,1999,8.,Jason Giambi, 153
218,1999,9.,Derek Jeter, 153
219,1999,10.,Nomar Garciaparra, 153
220,1998,1.,Mark McGwire, 216
221,1998,2.,Barry Bonds, 178
222,1998,3.,Albert Belle, 172
223,1998,4.,John Olerud, 163
224,1998,5.,Bernie Williams, 160
225,1998,6.,Sammy Sosa, 160
226,1998,7.,Jeff Bagwell, 158
227,1998,8.,Larry Walker, 158
228,1998,9.,Edgar Martinez, 158
229,1998,10.,Andres Galarraga, 157
230,1997,1.,Mike Piazza, 185
231,1997,2.,Frank Thomas, 181
232,1997,3.,Larry Walker, 178
233,1997,4.,Barry Bonds, 170
234,1997,5.,Mark McGwire, 170
235,1997,6.,Jeff Bagwell, 168
236,1997,7.,Ken Griffey Jr., 165
237,1997,8.,Edgar Martinez, 165
238,1997,9.,Ray Lankford, 159
239,1997,10.,David Justice, 158
240,1996,1.,Mark McGwire, 196
241,1996,2.,Gary Sheffield, 189
242,1996,3.,Barry Bonds, 188
243,1996,4.,Frank Thomas, 178
244,1996,5.,Jeff Bagwell, 178
245,1996,6.,Ken Caminiti, 174
246,1996,7.,Edgar Martinez, 167
247,1996,8.,Jim Thome, 167
248,1996,9.,Mike Piazza, 166
249,1996,10.,Alex Rodriguez, 161
250,1995,1.,Edgar Martinez, 185
251,1995,2.,Frank Thomas, 179
252,1995,3.,Albert Belle, 177
253,1995,4.,Mike Piazza, 172
254,1995,5.,Barry Bonds, 170
255,1995,6.,Tim Salmon, 165
256,1995,7.,Jim Thome, 157
257,1995,8.,Reggie Sanders, 155
258,1995,9.,Bobby Bonilla, 151
259,1995,10.,Manny Ramirez, 147
260,1994,1.,Jeff Bagwell, 213
261,1994,2.,Frank Thomas, 212
262,1994,3.,Albert Belle, 194
263,1994,4.,Kevin Mitchell, 185
264,1994,5.,Barry Bonds, 183
265,1994,6.,Paul O'Neill, 177
266,1994,7.,Ken Griffey Jr., 171
267,1994,8.,Tony Gwynn, 169
268,1994,9.,Fred McGriff, 157
269,1994,10.,Moises Alou, 153
270,1993,1.,Barry Bonds, 206
271,1993,2.,John Olerud, 186
272,1993,3.,Frank Thomas, 177
273,1993,4.,Ken Griffey Jr., 171
274,1993,5.,Juan Gonzalez, 169
275,1993,6.,Chris Hoiles, 162
276,1993,7.,Mike Piazza, 153
277,1993,8.,Rafael Palmeiro, 150
278,1993,9.,Andres Galarraga, 150
279,1993,10.,Rickey Henderson, 148
280,1992,1.,Barry Bonds, 204
281,1992,2.,Mark McGwire, 176
282,1992,3.,Frank Thomas, 174
283,1992,4.,Gary Sheffield, 168
284,1992,5.,Fred McGriff, 165
285,1992,6.,Edgar Martinez, 164
286,1992,7.,Darren Daulton, 156
287,1992,8.,Danny Tartabull, 153
288,1992,9.,John Kruk, 150
289,1992,10.,Andy Van Slyke, 150
290,1991,1.,Frank Thomas, 180
291,1991,2.,Danny Tartabull, 171
292,1991,3.,Cal Ripken Jr., 162
293,1991,4.,Barry Bonds, 160
294,1991,5.,Jose Canseco, 157
295,1991,6.,Rafael Palmeiro, 155
296,1991,7.,Ken Griffey Jr., 155
297,1991,8.,Will Clark, 154
298,1991,9.,Bobby Bonilla, 149
299,1991,10.,Paul Molitor, 147
300,1990,1.,Rickey Henderson, 189
301,1990,2.,Barry Bonds, 170
302,1990,3.,Cecil Fielder, 167
303,1990,4.,Eddie Murray, 159
304,1990,5.,Jose Canseco, 159
305,1990,6.,Kal Daniels, 155
306,1990,7.,George Brett, 153
307,1990,8.,Fred McGriff, 153
308,1990,9.,Kevin Mitchell, 150
309,1990,10.,Mark McGwire, 144
310,1989,1.,Kevin Mitchell, 192
311,1989,2.,Will Clark, 175
312,1989,3.,Howard Johnson, 169
313,1989,4.,Lonnie Smith, 168
314,1989,5.,Fred McGriff, 165
315,1989,6.,Alvin Davis, 156
316,1989,7.,Eric Davis, 153
317,1989,8.,Robin Yount, 152
318,1989,9.,Jack Clark, 148
319,1989,10.,Ruben Sierra, 146
320,1988,1.,Jose Canseco, 170
321,1988,2.,Wade Boggs, 168
322,1988,3.,Darryl Strawberry, 165
323,1988,4.,Will Clark, 160
324,1988,5.,Mike Greenwell, 160
325,1988,6.,Dave Winfield, 159
326,1988,7.,Fred McGriff, 157
327,1988,8.,Kirby Puckett, 153
328,1988,9.,Kent Hrbek, 150
329,1988,10.,Andres Galarraga, 150
330,1987,1.,Jack Clark, 176
331,1987,2.,Wade Boggs, 174
332,1987,3.,Mark McGwire, 164
333,1987,4.,Darryl Strawberry, 162
334,1987,5.,Paul Molitor, 161
335,1987,6.,Tony Gwynn, 158
336,1987,7.,Dale Murphy, 157
337,1987,8.,Dwight Evans, 157
338,1987,9.,Eric Davis, 155
339,1987,10.,Alan Trammell, 155
340,1986,1.,Don Mattingly, 161
341,1986,2.,Wade Boggs, 157
342,1986,3.,Mike Schmidt, 153
343,1986,4.,Jesse Barfield, 146
344,1986,5.,Tim Raines, 145
345,1986,6.,Kirby Puckett, 142
346,1986,7.,Keith Hernandez, 140
347,1986,8.,Darryl Strawberry, 139
348,1986,9.,George Brett, 138
349,1986,10.,Kevin McReynolds, 138
350,1985,1.,Pedro Guerrero, 182
351,1985,2.,George Brett, 179
352,1985,3.,Rickey Henderson, 157
353,1985,4.,Don Mattingly, 156
354,1985,5.,Dale Murphy, 152
355,1985,6.,Tim Raines, 151
356,1985,7.,Wade Boggs, 151
357,1985,8.,Jack Clark, 149
358,1985,9.,Dave Parker, 149
359,1985,10.,Eddie Murray, 149
360,1984,1.,Eddie Murray, 157
361,1984,2.,Don Mattingly, 156
362,1984,3.,Mike Schmidt, 155
363,1984,4.,Dave Winfield, 154
364,1984,5.,Dale Murphy, 149
365,1984,6.,Chili Davis, 148
366,1984,7.,Dwight Evans, 147
367,1984,8.,Alvin Davis, 147
368,1984,9.,Cal Ripken Jr., 146
369,1984,10.,Rickey Henderson, 146
370,1983,1.,George Brett, 158
371,1983,2.,Eddie Murray, 156
372,1983,3.,Mike Schmidt, 156
373,1983,4.,Robin Yount, 150
374,1983,5.,Wade Boggs, 150
375,1983,6.,Pedro Guerrero, 150
376,1983,7.,Darrell Evans, 150
377,1983,8.,Dale Murphy, 149
378,1983,9.,Cal Ripken Jr., 144
379,1983,10.,Jose Cruz, 142
380,1982,1.,Robin Yount, 166
381,1982,2.,Mike Schmidt, 161
382,1982,3.,Pedro Guerrero, 156
383,1982,4.,Eddie Murray, 156
384,1982,5.,Leon Durham, 151
385,1982,6.,Al Oliver, 150
386,1982,7.,Dwight Evans, 149
387,1982,8.,Doug DeCinces, 149
388,1982,9.,Jason Thompson, 147
389,1982,10.,Hal McRae, 147
390,1981,1.,Mike Schmidt, 198
391,1981,2.,Bobby Grich, 165
392,1981,3.,Dwight Evans, 163
393,1981,4.,Andre Dawson, 157
394,1981,5.,Eddie Murray, 156
395,1981,6.,Chet Lemon, 155
396,1981,7.,Bill Madlock, 153
397,1981,8.,Cecil Cooper, 151
398,1981,9.,Rickey Henderson, 151
399,1981,10.,Tom Paciorek, 151
400,1980,1.,George Brett, 203
401,1980,2.,Reggie Jackson, 172
402,1980,3.,Mike Schmidt, 171
403,1980,4.,Cecil Cooper, 155
404,1980,5.,Ben Oglivie, 153
405,1980,6.,Jack Clark, 153
406,1980,7.,Keith Hernandez, 147
407,1980,8.,Cesar Cedeno, 147
408,1980,9.,Buddy Bell, 143
409,1980,10.,Ken Singleton, 142
410,1979,1.,Fred Lynn, 176
411,1979,2.,Dave Winfield, 166
412,1979,3.,Sixto Lezcano, 164
413,1979,4.,George Foster, 155
414,1979,5.,Ken Singleton, 155
415,1979,6.,Mike Schmidt, 154
416,1979,7.,Jim Rice, 154
417,1979,8.,Keith Hernandez, 151
418,1979,9.,Reggie Jackson, 150
419,1979,10.,Steve Kemp, 149
420,1978,1.,Dave Parker, 166
421,1978,2.,Reggie Smith, 162
422,1978,3.,Jim Rice, 157
423,1978,4.,Jeff Burroughs, 156
424,1978,5.,Greg Luzinski, 153
425,1978,6.,Larry Hisle, 153
426,1978,7.,Jack Clark, 152
427,1978,8.,Ken Singleton, 152
428,1978,9.,George Foster, 151
429,1978,10.,Andre Thornton, 151
430,1977,1.,Rod Carew, 178
431,1977,2.,Reggie Smith, 168
432,1977,3.,George Foster, 165
433,1977,4.,Ken Singleton, 165
434,1977,5.,Greg Luzinski, 156
435,1977,6.,Mitchell Page, 154
436,1977,7.,Mike Schmidt, 151
437,1977,8.,Reggie Jackson, 150
438,1977,9.,Andre Thornton, 149
439,1977,10.,Jim Rice, 147
440,1976,1.,Joe Morgan, 187
441,1976,2.,Reggie Jackson, 155
442,1976,3.,Hal McRae, 153
443,1976,4.,Mike Schmidt, 151
444,1976,5.,Bill Madlock, 151
445,1976,6.,George Foster, 150
446,1976,7.,Gene Tenace, 149
447,1976,8.,Rod Carew, 148
448,1976,9.,Bob Watson, 147
449,1976,10.,George Brett, 144
450,1975,1.,Joe Morgan, 169
451,1975,2.,John Mayberry, 168
452,1975,3.,Fred Lynn, 162
453,1975,4.,Rod Carew, 157
454,1975,5.,Boog Powell, 154
455,1975,6.,Greg Luzinski, 154
456,1975,7.,Ken Singleton, 153
457,1975,8.,Bobby Bonds, 151
458,1975,9.,Dave Parker, 150
459,1975,10.,Bob Watson, 149
460,1974,1.,Willie Stargell, 168
461,1974,2.,Reggie Jackson, 166
462,1974,3.,Dick Allen, 164
463,1974,4.,Jeff Burroughs, 162
464,1974,5.,Joe Morgan, 159
465,1974,6.,Mike Schmidt, 158
466,1974,7.,Reggie Smith, 155
467,1974,8.,Jim Wynn, 151
468,1974,9.,Rod Carew, 150
469,1974,10.,Richie Zisk, 145
470,1973,1.,Willie Stargell, 186
471,1973,2.,Reggie Jackson, 161
472,1973,3.,Tony Perez, 159
473,1973,4.,Darrell Evans, 156
474,1973,5.,Joe Morgan, 154
475,1973,6.,Cesar Cedeno, 152
476,1973,7.,Frank Robinson, 151
477,1973,8.,Sal Bando, 150
478,1973,9.,Ken Singleton, 148
479,1973,10.,John Mayberry, 146
480,1972,1.,Dick Allen, 199
481,1972,2.,Billy Williams, 172
482,1972,3.,Bobby Murcer, 169
483,1972,4.,John Mayberry, 168
484,1972,5.,Johnny Bench, 166
485,1972,6.,Willie Stargell, 164
486,1972,7.,Mike Epstein, 163
487,1972,8.,Cesar Cedeno, 162
488,1972,9.,Carlton Fisk, 162
489,1972,10.,Richie Hebner, 153
490,1971,1.,Hank Aaron, 194
491,1971,2.,Willie Stargell, 185
492,1971,3.,Bobby Murcer, 181
493,1971,4.,Joe Torre, 171
494,1971,5.,Willie Mays, 158
495,1971,6.,Tony Oliva, 154
496,1971,7.,Don Buford, 153
497,1971,8.,Frank Robinson, 153
498,1971,9.,Dick Allen, 151
499,1971,10.,Roy White, 149
500,1970,1.,Willie McCovey, 182
501,1970,2.,Carl Yastrzemski, 177
502,1970,3.,Rico Carty, 171
503,1970,4.,Frank Howard, 170
504,1970,5.,Boog Powell, 163
505,1970,6.,Harmon Killebrew, 159
506,1970,7.,Tony Perez, 158
507,1970,8.,Jim Hickman, 155
508,1970,9.,Dick Dietz, 153
509,1970,10.,Frank Robinson, 151
510,1969,1.,Willie McCovey, 209
511,1969,2.,Reggie Jackson, 189
512,1969,3.,Frank Howard, 178
513,1969,4.,Hank Aaron, 177
514,1969,5.,Harmon Killebrew, 177
515,1969,6.,Rico Petrocelli, 168
516,1969,7.,Roberto Clemente, 168
517,1969,8.,Jim Wynn, 167
518,1969,9.,Rusty Staub, 166
519,1969,10.,Dick Allen, 165
520,1968,1.,Willie McCovey, 174
521,1968,2.,Carl Yastrzemski, 171
522,1968,3.,Frank Howard, 171
523,1968,4.,Willie Horton, 165
524,1968,5.,Dick Allen, 160
525,1968,6.,Jim Wynn, 158
526,1968,7.,Willie Mays, 156
527,1968,8.,Ken Harrelson, 155
528,1968,9.,Hank Aaron, 153
529,1968,10.,Frank Robinson, 153
530,1967,1.,Carl Yastrzemski, 193
531,1967,2.,Frank Robinson, 187
532,1967,3.,Al Kaline, 176
533,1967,4.,Dick Allen, 174
534,1967,5.,Harmon Killebrew, 173
535,1967,6.,Roberto Clemente, 171
536,1967,7.,Hank Aaron, 168
537,1967,8.,Orlando Cepeda, 164
538,1967,9.,Willie McCovey, 159
539,1967,10.,Don Mincher, 157
540,1966,1.,Frank Robinson, 198
541,1966,2.,Dick Allen, 181
542,1966,3.,Willie Stargell, 164
543,1966,4.,Willie McCovey, 164
544,1966,5.,Ron Santo, 161
545,1966,6.,Al Kaline, 161
546,1966,7.,Boog Powell, 158
547,1966,8.,Harmon Killebrew, 157
548,1966,9.,Joe Torre, 156
549,1966,10.,Willie Mays, 149
550,1965,1.,Willie Mays, 185
551,1965,2.,Hank Aaron, 161
552,1965,3.,Billy Williams, 157
553,1965,4.,Carl Yastrzemski, 156
554,1965,5.,Willie McCovey, 154
555,1965,6.,Frank Robinson, 151
556,1965,7.,Norm Cash, 148
557,1965,8.,Ron Santo, 146
558,1965,9.,Dick Allen, 145
559,1965,10.,Jim Wynn, 144
560,1964,1.,Mickey Mantle, 177
561,1964,2.,Boog Powell, 176
562,1964,3.,Willie Mays, 172
563,1964,4.,Ron Santo, 164
564,1964,5.,Bob Allison, 163
565,1964,6.,Dick Allen, 162
566,1964,7.,Rico Carty, 161
567,1964,8.,Frank Robinson, 160
568,1964,9.,Harmon Killebrew, 153
569,1964,10.,Hank Aaron, 153
570,1963,1.,Hank Aaron, 179
571,1963,2.,Willie Mays, 175
572,1963,3.,Orlando Cepeda, 165
573,1963,4.,Willie McCovey, 161
574,1963,5.,Bob Allison, 151
575,1963,6.,Carl Yastrzemski, 148
576,1963,7.,Harmon Killebrew, 147
577,1963,8.,Eddie Mathews, 147
578,1963,9.,Al Kaline, 144
579,1963,10.,Tommy Davis, 142
580,1962,1.,Mickey Mantle, 195
581,1962,2.,Frank Robinson, 173
582,1962,3.,Hank Aaron, 170
583,1962,4.,Willie Mays, 165
584,1962,5.,Tommy Davis, 148
585,1962,6.,Frank Howard, 146
586,1962,7.,Norm Siebern, 140
587,1962,8.,Bob Skinner, 139
588,1962,9.,Harmon Killebrew, 138
589,1962,10.,George Altman, 137
590,1961,1.,Mickey Mantle, 206
591,1961,2.,Norm Cash, 201
592,1961,3.,Jim Gentile, 187
593,1961,4.,Roger Maris, 167
594,1961,5.,Frank Robinson, 164
595,1961,6.,Hank Aaron, 163
596,1961,7.,Harmon Killebrew, 162
597,1961,8.,Willie Mays, 160
598,1961,9.,Rocky Colavito, 157
599,1961,10.,Orlando Cepeda, 157
600,1960,1.,Frank Robinson, 169
601,1960,2.,Eddie Mathews, 166
602,1960,3.,Mickey Mantle, 162
603,1960,4.,Willie Mays, 160
604,1960,5.,Roger Maris, 160
605,1960,6.,Hank Aaron, 156
606,1960,7.,Roy Sievers, 150
607,1960,8.,Ernie Banks, 146
608,1960,9.,Ken Boyer, 144
609,1960,10.,Harmon Killebrew, 142
610,1959,1.,Hank Aaron, 183
611,1959,2.,Eddie Mathews, 168
612,1959,3.,Willie Mays, 156
613,1959,4.,Ernie Banks, 156
614,1959,5.,Frank Robinson, 153
615,1959,6.,Mickey Mantle, 151
616,1959,7.,Al Kaline, 151
617,1959,8.,Joe Cunningham, 143
618,1959,9.,Harvey Kuenn, 141
619,1959,10.,Gene Woodling, 138
620,1958,1.,Mickey Mantle, 188
621,1958,2.,Rocky Colavito, 180
622,1958,3.,Ted Williams, 179
623,1958,4.,Willie Mays, 165
624,1958,5.,Bob Cerv, 159
625,1958,6.,Ernie Banks, 155
626,1958,7.,Hank Aaron, 153
627,1958,8.,Jackie Jensen, 148
628,1958,9.,Roy Sievers, 147
629,1958,10.,Stan Musial, 145
630,1957,1.,Ted Williams, 233
631,1957,2.,Mickey Mantle, 221
632,1957,3.,Willie Mays, 173
633,1957,4.,Stan Musial, 172
634,1957,5.,Hank Aaron, 166
635,1957,6.,Roy Sievers, 164
636,1957,7.,Eddie Mathews, 154
637,1957,8.,Gene Woodling, 153
638,1957,9.,Ernie Banks, 149
639,1957,10.,Duke Snider, 143
640,1956,1.,Mickey Mantle, 210
641,1956,2.,Ted Williams, 172
642,1956,3.,Bob Nieman, 155
643,1956,4.,Duke Snider, 155
644,1956,5.,Joe Adcock, 152
645,1956,6.,Hank Aaron, 151
646,1956,7.,Minnie Minoso, 149
647,1956,8.,Charlie Maxwell, 149
648,1956,9.,Willie Mays, 146
649,1956,10.,Eddie Mathews, 143
650,1955,1.,Mickey Mantle, 180
651,1955,2.,Willie Mays, 174
652,1955,3.,Eddie Mathews, 170
653,1955,4.,Duke Snider, 169
654,1955,5.,Al Kaline, 162
655,1955,6.,Stan Musial, 157
656,1955,7.,Roy Campanella, 152
657,1955,8.,Ted Kluszewski, 148
658,1955,9.,Ernie Banks, 144
659,1955,10.,Wally Post, 142
660,1954,1.,Ted Williams, 201
661,1954,2.,Willie Mays, 175
662,1954,3.,Eddie Mathews, 172
663,1954,4.,Duke Snider, 171
664,1954,5.,Stan Musial, 167
665,1954,6.,Ted Kluszewski, 167
666,1954,7.,Mickey Mantle, 158
667,1954,8.,Minnie Minoso, 154
668,1954,9.,Al Rosen, 147
669,1954,10.,Gil Hodges, 141
670,1953,1.,Al Rosen, 180
671,1953,2.,Eddie Mathews, 171
672,1953,3.,Stan Musial, 169
673,1953,4.,Duke Snider, 165
674,1953,5.,Roy Campanella, 154
675,1953,6.,Mickey Vernon, 150
676,1953,7.,Carl Furillo, 147
677,1953,8.,Gene Woodling, 146
678,1953,9.,Ray Boone, 146
679,1953,10.,Mickey Mantle, 145
680,1952,1.,Stan Musial, 167
681,1952,2.,Larry Doby, 163
682,1952,3.,Mickey Mantle, 162
683,1952,4.,Al Rosen, 160
684,1952,5.,Jackie Robinson, 149
685,1952,6.,Ted Kluszewski, 146
686,1952,7.,Vic Wertz, 145
687,1952,8.,Hank Sauer, 143
688,1952,9.,Sid Gordon, 142
689,1952,10.,Gil Hodges, 142
690,1951,1.,Ralph Kiner, 185
691,1951,2.,Stan Musial, 183
692,1951,3.,Ted Williams, 164
693,1951,4.,Larry Doby, 160
694,1951,5.,Roy Campanella, 159
695,1951,6.,Jackie Robinson, 154
696,1951,7.,Minnie Minoso, 151
697,1951,8.,Bobby Thomson, 150
698,1951,9.,Ferris Fain, 148
699,1951,10.,Monte Irvin, 147
700,1950,1.,Stan Musial, 165
701,1950,2.,Andy Pafko, 157
702,1950,3.,Sid Gordon, 156
703,1950,4.,Ralph Kiner, 156
704,1950,5.,Larry Doby, 156
705,1950,6.,Joe DiMaggio, 151
706,1950,7.,Al Rosen, 145
707,1950,8.,Del Ennis, 141
708,1950,9.,Hoot Evers, 141
709,1950,10.,Bob Elliott, 140
710,1949,1.,Ted Williams, 191
711,1949,2.,Ralph Kiner, 186
712,1949,3.,Stan Musial, 177
713,1949,4.,Jackie Robinson, 152
714,1949,5.,Tommy Henrich, 148
715,1949,6.,Enos Slaughter, 144
716,1949,7.,Sid Gordon, 142
717,1949,8.,Del Ennis, 139
718,1949,9.,Vern Stephens, 137
719,1949,10.,Eddie Joost, 137
720,1948,1.,Stan Musial, 200
721,1948,2.,Ted Williams, 189
722,1948,3.,Lou Boudreau, 166
723,1948,4.,Joe DiMaggio, 164
724,1948,5.,Johnny Mize, 156
725,1948,6.,Tommy Henrich, 151
726,1948,7.,Sid Gordon, 148
727,1948,8.,Ken Keltner, 146
728,1948,9.,Ralph Kiner, 146
729,1948,10.,Andy Pafko, 144
730,1947,1.,Ted Williams, 205
731,1947,2.,Ralph Kiner, 173
732,1947,3.,Johnny Mize, 160
733,1947,4.,Joe DiMaggio, 154
734,1947,5.,Whitey Kurowski, 150
735,1947,6.,Harry Walker, 150
736,1947,7.,Bob Elliott, 147
737,1947,8.,Walker Cooper, 141
738,1947,9.,Tommy Henrich, 138
739,1947,10.,Joe Gordon, 135
740,1946,1.,Ted Williams, 215
741,1946,2.,Stan Musial, 183
742,1946,3.,Hank Greenberg, 162
743,1946,4.,Mickey Vernon, 160
744,1946,5.,Charlie Keller, 159
745,1946,6.,Hank Edwards, 149
746,1946,7.,Stan Spence, 145
747,1946,8.,Del Ennis, 144
748,1946,9.,Joe DiMaggio, 142
749,1946,10.,Phil Cavarretta, 139
750,1945,1.,Tommy Holmes, 175
751,1945,2.,Phil Cavarretta, 166
752,1945,3.,Mel Ott, 151
753,1945,4.,Snuffy Stirnweiss, 145
754,1945,5.,Whitey Kurowski, 144
755,1945,6.,Bobby Estalella, 144
756,1945,7.,Augie Galan, 141
757,1945,8.,Roy Cullenbine, 139
758,1945,9.,Eddie Lake, 137
759,1945,10.,Nick Etten, 135
760,1944,1.,Bob Johnson, 174
761,1944,2.,Stan Musial, 174
762,1944,3.,Dixie Walker, 172
763,1944,4.,Bobby Doerr, 165
764,1944,5.,Bill Nicholson, 162
765,1944,6.,Augie Galan, 161
766,1944,7.,Stan Spence, 155
767,1944,8.,Johnny Hopp, 150
768,1944,9.,Ron Northey, 145
769,1944,10.,Lou Boudreau, 145
770,1943,1.,Stan Musial, 177
771,1943,2.,Charlie Keller, 168
772,1943,3.,Bill Nicholson, 166
773,1943,4.,Jeff Heath, 156
774,1943,5.,Rudy York, 153
775,1943,6.,Roy Cullenbine, 145
776,1943,7.,Luke Appling, 143
777,1943,8.,Vern Stephens, 141
778,1943,9.,Eric Tipton, 137
779,1943,10.,Augie Galan, 135
780,1942,1.,Ted Williams, 216
781,1942,2.,Mel Ott, 165
782,1942,3.,Charlie Keller, 163
783,1942,4.,Johnny Mize, 161
784,1942,5.,Enos Slaughter, 156
785,1942,6.,Bill Nicholson, 155
786,1942,7.,Joe Gordon, 155
787,1942,8.,Wally Judnich, 154
788,1942,9.,Stan Musial, 151
789,1942,10.,Joe DiMaggio, 147
790,1941,1.,Ted Williams, 235
791,1941,2.,Joe DiMaggio, 185
792,1941,3.,Pete Reiser, 164
793,1941,4.,Dolph Camilli, 164
794,1941,5.,Jeff Heath, 162
795,1941,6.,Charlie Keller, 162
796,1941,7.,Johnny Mize, 156
797,1941,8.,Mel Ott, 150
798,1941,9.,Cecil Travis, 150
799,1941,10.,Elbie Fletcher, 147
800,1940,1.,Johnny Mize, 177
801,1940,2.,Joe DiMaggio, 173
802,1940,3.,Hank Greenberg, 171
803,1940,4.,Ted Williams, 162
804,1940,5.,Jimmie Foxx, 150
805,1940,6.,Bill Nicholson, 148
806,1940,7.,Dolph Camilli, 146
807,1940,8.,Rudy York, 145
808,1940,9.,Charlie Keller, 141
809,1940,10.,Jim Gleeson, 139
810,1939,1.,Jimmie Foxx, 188
811,1939,2.,Joe DiMaggio, 184
812,1939,3.,Johnny Mize, 178
813,1939,4.,Ted Williams, 160
814,1939,5.,Hank Greenberg, 156
815,1939,6.,Bob Johnson, 156
816,1939,7.,Hal Trosky, 155
817,1939,8.,George Selkirk, 148
818,1939,9.,Dolph Camilli, 144
819,1939,10.,Ival Goodman, 143
820,1938,1.,Jimmie Foxx, 183
821,1938,2.,Mel Ott, 178
822,1938,3.,Johnny Mize, 176
823,1938,4.,Hank Greenberg, 169
824,1938,5.,Ernie Lombardi, 152
825,1938,6.,Ival Goodman, 147
826,1938,7.,Jeff Heath, 145
827,1938,8.,Harlond Clift, 144
828,1938,9.,Bill Dickey, 143
829,1938,10.,Earl Averill, 142
830,1937,1.,Joe Medwick, 182
831,1937,2.,Lou Gehrig, 176
832,1937,3.,Johnny Mize, 174
833,1937,4.,Hank Greenberg, 172
834,1937,5.,Dolph Camilli, 170
835,1937,6.,Joe DiMaggio, 166
836,1937,7.,Mel Ott, 150
837,1937,8.,Bob Johnson, 147
838,1937,9.,Zeke Bonura, 145
839,1937,10.,Bill Dickey, 144
840,1936,1.,Lou Gehrig, 190
841,1936,2.,Mel Ott, 177
842,1936,3.,Johnny Mize, 162
843,1936,4.,Dolph Camilli, 162
844,1936,5.,Bill Dickey, 158
845,1936,6.,Joe Medwick, 158
846,1936,7.,Paul Waner, 157
847,1936,8.,Earl Averill, 157
848,1936,9.,Jimmie Foxx, 155
849,1936,10.,Arky Vaughan, 148
850,1935,1.,Arky Vaughan, 190
851,1935,2.,Jimmie Foxx, 182
852,1935,3.,Lou Gehrig, 175
853,1935,4.,Hank Greenberg, 170
854,1935,5.,Mel Ott, 157
855,1935,6.,Gabby Hartnett, 151
856,1935,7.,Joe Medwick, 151
857,1935,8.,Wally Berger, 148
858,1935,9.,Hank Leiber, 141
859,1935,10.,Joe Vosmik, 141
860,1934,1.,Lou Gehrig, 207
861,1934,2.,Jimmie Foxx, 186
862,1934,3.,Mel Ott, 168
863,1934,4.,Ripper Collins, 158
864,1934,5.,Hank Greenberg, 156
865,1934,6.,Paul Waner, 154
866,1934,7.,Hal Trosky, 150
867,1934,8.,Earl Averill, 150
868,1934,9.,Len Koenecke, 150
869,1934,10.,Charlie Gehringer, 149
870,1933,1.,Jimmie Foxx, 201
871,1933,2.,Lou Gehrig, 177
872,1933,3.,Chuck Klein, 176
873,1933,4.,Babe Ruth, 176
874,1933,5.,Wally Berger, 172
875,1933,6.,Mickey Cochrane, 158
876,1933,7.,Arky Vaughan, 146
877,1933,8.,Babe Herman, 142
878,1933,9.,Mel Ott, 138
879,1933,10.,Paul Waner, 135
880,1932,1.,Jimmie Foxx, 207
881,1932,2.,Babe Ruth, 201
882,1932,3.,Lou Gehrig, 181
883,1932,4.,Mel Ott, 174
884,1932,5.,Chuck Klein, 164
885,1932,6.,Lefty O'Doul, 163
886,1932,7.,Bill Terry, 156
887,1932,8.,Babe Herman, 151
888,1932,9.,Paul Waner, 145
889,1932,10.,Don Hurst, 144
890,1931,1.,Babe Ruth, 218
891,1931,2.,Lou Gehrig, 194
892,1931,3.,Al Simmons, 175
893,1931,4.,Chick Hafey, 154
894,1931,5.,Chuck Klein, 153
895,1931,6.,Mel Ott, 152
896,1931,7.,Earl Averill, 150
897,1931,8.,Earl Webb, 149
898,1931,9.,Goose Goslin, 149
899,1931,10.,Bill Terry, 149
900,1930,1.,Babe Ruth, 211
901,1930,2.,Lou Gehrig, 203
902,1930,3.,Hack Wilson, 177
903,1930,4.,Al Simmons, 175
904,1930,5.,Babe Herman, 169
905,1930,6.,Jimmie Foxx, 161
906,1930,7.,Chuck Klein, 159
907,1930,8.,Bill Terry, 158
908,1930,9.,Ed Morgan, 150
909,1930,10.,Mel Ott, 150
910,1929,1.,Babe Ruth, 193
911,1929,2.,Rogers Hornsby, 178
912,1929,3.,Jimmie Foxx, 173
913,1929,4.,Lou Gehrig, 166
914,1929,5.,Mel Ott, 165
915,1929,6.,Lefty O'Doul, 161
916,1929,7.,Tony Lazzeri, 160
917,1929,8.,Al Simmons, 159
918,1929,9.,Babe Herman, 159
919,1929,10.,Hack Wilson, 155
920,1928,1.,Babe Ruth, 206
921,1928,2.,Rogers Hornsby, 202
922,1928,3.,Lou Gehrig, 193
923,1928,4.,Goose Goslin, 176
924,1928,5.,Jim Bottomley, 162
925,1928,6.,Hack Wilson, 157
926,1928,7.,Heinie Manush, 154
927,1928,8.,Paul Waner, 154
928,1928,9.,Chick Hafey, 152
929,1928,10.,Jimmie Foxx, 148
930,1927,1.,Babe Ruth, 225
931,1927,2.,Lou Gehrig, 220
932,1927,3.,Harry Heilmann, 180
933,1927,4.,Rogers Hornsby, 175
934,1927,5.,Al Simmons, 172
935,1927,6.,Hack Wilson, 158
936,1927,7.,Paul Waner, 155
937,1927,8.,George Harper, 149
938,1927,9.,Earle Combs, 141
939,1927,10.,Bill Terry, 141
940,1926,1.,Babe Ruth, 226
941,1926,2.,Heinie Manush, 154
942,1926,3.,Harry Heilmann, 154
943,1926,4.,Goose Goslin, 153
944,1926,5.,Lou Gehrig, 153
945,1926,6.,Hack Wilson, 151
946,1926,7.,Paul Waner, 148
947,1926,8.,Al Simmons, 143
948,1926,9.,Les Bell, 137
949,1926,10.,Babe Herman, 136
950,1925,1.,Rogers Hornsby, 210
951,1925,2.,Ty Cobb, 171
952,1925,3.,Tris Speaker, 166
953,1925,4.,Harry Heilmann, 161
954,1925,5.,Jack Fournier, 160
955,1925,6.,Kiki Cuyler, 152
956,1925,7.,Al Wingo, 151
957,1925,8.,Al Simmons, 149
958,1925,9.,Jim Bottomley, 148
959,1925,10.,Ken Williams, 146
960,1924,1.,Rogers Hornsby, 222
961,1924,2.,Babe Ruth, 220
962,1924,3.,Zack Wheat, 163
963,1924,4.,Jack Fournier, 160
964,1924,5.,Ross Youngs, 159
965,1924,6.,Harry Heilmann, 149
966,1924,7.,Kiki Cuyler, 148
967,1924,8.,Goose Goslin, 143
968,1924,9.,Cy Williams, 142
969,1924,10.,High Pockets Kelly, 141
970,1923,1.,Babe Ruth, 239
971,1923,2.,Harry Heilmann, 194
972,1923,3.,Rogers Hornsby, 188
973,1923,4.,Tris Speaker, 182
974,1923,5.,Ken Williams, 171
975,1923,6.,Jack Fournier, 163
976,1923,7.,Jim Bottomley, 155
977,1923,8.,Edd Roush, 148
978,1923,9.,Joe Sewell, 146
979,1923,10.,Joe Harris, 142
980,1922,1.,Rogers Hornsby, 207
981,1922,2.,Babe Ruth, 182
982,1922,3.,Tris Speaker, 177
983,1922,4.,George Sisler, 170
984,1922,5.,Ty Cobb, 169
985,1922,6.,Harry Heilmann, 169
986,1922,7.,Ken Williams, 164
987,1922,8.,Ray Grimes, 159
988,1922,9.,Bing Miller, 136
989,1922,10.,Tillie Walker, 131
990,1921,1.,Babe Ruth, 239
991,1921,2.,Rogers Hornsby, 191
992,1921,3.,Harry Heilmann, 167
993,1921,4.,Ty Cobb, 166
994,1921,5.,Tris Speaker, 146
995,1921,6.,Austin McHenry, 145
996,1921,7.,Ken Williams, 145
997,1921,8.,Jack Fournier, 144
998,1921,9.,Edd Roush, 143
999,1921,10.,George Sisler, 140
1000,1920,1.,Babe Ruth, 255
1001,1920,2.,Rogers Hornsby, 185
1002,1920,3.,George Sisler, 182
1003,1920,4.,Shoeless Joe Jackson, 172
1004,1920,5.,Tris Speaker, 172
1005,1920,6.,Ross Youngs, 159
1006,1920,7.,Eddie Collins, 147
1007,1920,8.,Happy Felsch, 143
1008,1920,9.,Cy Williams, 143
1009,1920,10.,Edd Roush, 141
1010,1919,1.,Babe Ruth, 217
1011,1919,2.,Ty Cobb, 166
1012,1919,3.,Shoeless Joe Jackson, 159
1013,1919,4.,Bobby Veach, 158
1014,1919,5.,George Sisler, 156
1015,1919,6.,Ira Flagstead, 153
1016,1919,7.,Rogers Hornsby, 150
1017,1919,8.,Heinie Groh, 149
1018,1919,9.,Edd Roush, 146
1019,1919,10.,George Burns, 141
1020,1918,1.,Ty Cobb, 194
1021,1918,2.,Babe Ruth, 192
1022,1918,3.,George Burns, 158
1023,1918,4.,George Sisler, 158
1024,1918,5.,Edd Roush, 151
1025,1918,6.,Tris Speaker, 143
1026,1918,7.,Heinie Groh, 142
1027,1918,8.,Jake Daubert, 142
1028,1918,9.,Harry Hooper, 141
1029,1918,10.,Sherry Magee, 140
1030,1917,1.,Ty Cobb, 209
1031,1917,2.,Tris Speaker, 172
1032,1917,3.,Rogers Hornsby, 169
1033,1917,4.,George Sisler, 161
1034,1917,5.,Bobby Veach, 159
1035,1917,6.,Edd Roush, 159
1036,1917,7.,Gavvy Cravath, 153
1037,1917,8.,Heinie Groh, 148
1038,1917,9.,George Burns, 146
1039,1917,10.,Shoeless Joe Jackson, 143
1040,1916,1.,Tris Speaker, 186
1041,1916,2.,Ty Cobb, 179
1042,1916,3.,Shoeless Joe Jackson, 166
1043,1916,4.,Hal Chase, 155
1044,1916,5.,Rogers Hornsby, 151
1045,1916,6.,Amos Strunk, 151
1046,1916,7.,Zack Wheat, 150
1047,1916,8.,Bill Hinchman, 147
1048,1916,9.,Gavvy Cravath, 147
1049,1916,10.,Cy Williams, 144
1050,1915,1.,Ty Cobb, 185
1051,1915,2.,Benny Kauff, 180
1052,1915,3.,Jack Fournier, 172
1053,1915,4.,Gavvy Cravath, 170
1054,1915,5.,Eddie Collins, 165
1055,1915,6.,Art Wilson, 165
1056,1915,7.,Tris Speaker, 151
1057,1915,8.,William Fischer, 150
1058,1915,9.,Fred Luderus, 149
1059,1915,10.,Ed Konetchy, 148
1060,1914,1.,Ty Cobb, 190
1061,1914,2.,Tris Speaker, 178
1062,1914,3.,Steve Evans, 177
1063,1914,4.,Eddie Collins, 176
1064,1914,5.,Benny Kauff, 165
1065,1914,6.,Gavvy Cravath, 162
1066,1914,7.,Ed Lennox, 159
1067,1914,8.,Duke Kenworthy, 159
1068,1914,9.,Joe Connolly, 158
1069,1914,10.,Sam Crawford, 158
1070,1913,1.,Ty Cobb, 194
1071,1913,2.,Shoeless Joe Jackson, 192
1072,1913,3.,Tris Speaker, 182
1073,1913,4.,Gavvy Cravath, 173
1074,1913,5.,Home Run Baker, 167
1075,1913,6.,Eddie Collins, 164
1076,1913,7.,Sam Crawford, 152
1077,1913,8.,Heinie Zimmerman, 147
1078,1913,9.,Beals Becker, 142
1079,1913,10.,Vic Saier, 142
1080,1912,1.,Ty Cobb, 200
1081,1912,2.,Shoeless Joe Jackson, 191
1082,1912,3.,Tris Speaker, 190
1083,1912,4.,Home Run Baker, 174
1084,1912,5.,Heinie Zimmerman, 170
1085,1912,6.,Eddie Collins, 158
1086,1912,7.,Chief Meyers, 147
1087,1912,8.,Nap Lajoie, 146
1088,1912,9.,Sam Crawford, 143
1089,1912,10.,Honus Wagner, 143
1090,1911,1.,Ty Cobb, 196
1091,1911,2.,Shoeless Joe Jackson, 193
1092,1911,3.,Sam Crawford, 163
1093,1911,4.,Eddie Collins, 162
1094,1911,5.,Tris Speaker, 157
1095,1911,6.,Frank Schulte, 156
1096,1911,7.,Honus Wagner, 156
1097,1911,8.,Larry Doyle, 154
1098,1911,9.,Birdie Cree, 152
1099,1911,10.,Home Run Baker, 149
1100,1910,1.,Ty Cobb, 205
1101,1910,2.,Nap Lajoie, 197
1102,1910,3.,Sherry Magee, 175
1103,1910,4.,Tris Speaker, 170
1104,1910,5.,Solly Hofman, 154
1105,1910,6.,Fred Snodgrass, 153
1106,1910,7.,Eddie Collins, 150
1107,1910,8.,Ed Konetchy, 144
1108,1910,9.,Danny Murphy, 142
1109,1910,10.,Rube Oldring, 141
1110,1909,1.,Ty Cobb, 192
1111,1909,2.,Honus Wagner, 177
1112,1909,3.,Eddie Collins, 170
1113,1909,4.,Jake Stahl, 153
1114,1909,5.,Sam Crawford, 152
1115,1909,6.,Mike Mitchell, 152
1116,1909,7.,Nap Lajoie, 151
1117,1909,8.,Tris Speaker, 150
1118,1909,9.,Home Run Baker, 146
1119,1909,10.,Ed Konetchy, 144
1120,1908,1.,Honus Wagner, 205
1121,1908,2.,Ty Cobb, 170
1122,1908,3.,Doc Gessler, 162
1123,1908,4.,Sam Crawford, 160
1124,1908,5.,Mike Donlin, 154
1125,1908,6.,Matty McIntyre, 149
1126,1908,7.,Sherry Magee, 145
1127,1908,8.,Hans Lobert, 144
1128,1908,9.,Johnny Evers, 143
1129,1908,10.,Claude Rossman, 139
1130,1907,1.,Honus Wagner, 187
1131,1907,2.,Sherry Magee, 169
1132,1907,3.,Ty Cobb, 167
1133,1907,4.,Sam Crawford, 160
1134,1907,5.,Elmer Flick, 153
1135,1907,6.,George Stone, 152
1136,1907,7.,Ginger Beaumont, 149
1137,1907,8.,Topsy Hartsel, 144
1138,1907,9.,Fred Clarke, 141
1139,1907,10.,Harry Lumley, 141
1140,1906,1.,George Stone, 193
1141,1906,2.,Harry Lumley, 179
1142,1906,3.,Nap Lajoie, 169
1143,1906,4.,Honus Wagner, 168
1144,1906,5.,Sammy Strang, 164
1145,1906,6.,Frank Chance, 158
1146,1906,7.,Elmer Flick, 155
1147,1906,8.,Harry Steinfeldt, 151
1148,1906,9.,Harry Davis, 150
1149,1906,10.,Tim Jordan, 150
1150,1905,1.,Cy Seymour, 181
1151,1905,2.,Honus Wagner, 175
1152,1905,3.,Mike Donlin, 166
1153,1905,4.,Elmer Flick, 164
1154,1905,5.,Frank Chance, 159
1155,1905,6.,John Titus, 153
1156,1905,7.,Frank Isbell, 149
1157,1905,8.,Sam Crawford, 148
1158,1905,9.,George Stone, 146
1159,1905,10.,Dan McGann, 142
1160,1904,1.,Nap Lajoie, 200
1161,1904,2.,Honus Wagner, 188
1162,1904,3.,Mike Grady, 167
1163,1904,4.,Harry Davis, 157
1164,1904,5.,Elmer Flick, 157
1165,1904,6.,Mike Donlin, 150
1166,1904,7.,Frank Chance, 150
1167,1904,8.,Willie Keeler, 147
1168,1904,9.,Jake Beckley, 145
1169,1904,10.,Chick Stahl, 141
1170,1903,1.,Nap Lajoie, 167
1171,1903,2.,Fred Clarke, 164
1172,1903,3.,Honus Wagner, 160
1173,1903,4.,Roger Bresnahan, 160
1174,1903,5.,Sam Crawford, 160
1175,1903,6.,Jimmy Sheckard, 157
1176,1903,7.,Topsy Hartsel, 155
1177,1903,8.,Mike Donlin, 153
1178,1903,9.,Frank Chance, 153
1179,1903,10.,Bill Bradley, 151
1180,1902,1.,Ed Delahanty, 187
1181,1902,2.,Nap Lajoie, 174
1182,1902,3.,Honus Wagner, 161
1183,1902,4.,Fred Clarke, 159
1184,1902,5.,Charlie Hickman, 157
1185,1902,6.,Sam Crawford, 151
1186,1902,7.,Ginger Beaumont, 151
1187,1902,8.,Bill Bradley, 148
1188,1902,9.,Fred Tenney, 142
1189,1902,10.,Jake Beckley, 138
1190,1901,1.,Nap Lajoie, 198
1191,1901,2.,Jesse Burkett, 180
1192,1901,3.,Ed Delahanty, 173
1193,1901,4.,Jimmy Sheckard, 169
1194,1901,5.,Sam Crawford, 167
1195,1901,6.,Topsy Hartsel, 161
1196,1901,7.,Honus Wagner, 160
1197,1901,8.,Elmer Flick, 157
1198,1901,9.,Buck Freeman, 154
1199,1901,10.,Emmet Heidrick, 146
1200,1900,1.,Honus Wagner, 176
1201,1900,2.,Elmer Flick, 172
1202,1900,3.,John McGraw, 157
1203,1900,4.,Jesse Burkett, 151
1204,1900,5.,Kip Selbach, 150
1205,1900,6.,Nap Lajoie, 140
1206,1900,7.,Joe Kelley, 138
1207,1900,8.,Charlie Hickman, 137
1208,1900,9.,Jimmy Sheckard, 135
1209,1900,10.,Willie Keeler, 130
1210,1899,1.,Ed Delahanty, 189
1211,1899,2.,John McGraw, 168
1212,1899,3.,Jesse Burkett, 162
1213,1899,4.,Jimmy Williams, 158
1214,1899,5.,Buck Freeman, 153
1215,1899,6.,Honus Wagner, 145
1216,1899,7.,Ed McFarland, 143
1217,1899,8.,Chick Stahl, 142
1218,1899,9.,Willie Keeler, 138
1219,1899,10.,Elmer Flick, 136
1220,1898,1.,Billy Hamilton, 162
1221,1898,2.,Ed Delahanty, 156
1222,1898,3.,Elmer Flick, 156
1223,1898,4.,Hughie Jennings, 149
1224,1898,5.,John McGraw, 148
1225,1898,6.,Jimmy Ryan, 143
1226,1898,7.,John Anderson, 140
1227,1898,8.,Mike Grady, 140
1228,1898,9.,Jimmy Collins, 140
1229,1898,10.,Mike Smith, 139
1230,1897,1.,Fred Clarke, 166
1231,1897,2.,Willie Keeler, 164
1232,1897,3.,Ed Delahanty, 161
1233,1897,4.,Nap Lajoie, 155
1234,1897,5.,Joe Kelley, 147
1235,1897,6.,Hughie Jennings, 146
1236,1897,7.,George Davis, 144
1237,1897,8.,Jesse Burkett, 140
1238,1897,9.,Bill Joyce, 134
1239,1897,10.,Chick Stahl, 133
1240,1896,1.,Ed Delahanty, 190
1241,1896,2.,Joe Kelley, 164
1242,1896,3.,Bill Joyce, 161
1243,1896,4.,Mike Tiernan, 158
1244,1896,5.,Jesse Burkett, 157
1245,1896,6.,Bill Dahlen, 156
1246,1896,7.,Mike Smith, 155
1247,1896,8.,Tom McCreery, 155
1248,1896,9.,Hughie Jennings, 151
1249,1896,10.,Billy Hamilton, 145
1250,1895,1.,Ed Delahanty, 186
1251,1895,2.,Sam Thompson, 176
1252,1895,3.,Jack Clements, 170
1253,1895,4.,Bill Lange, 157
1254,1895,5.,Jake Stenzel, 157
1255,1895,6.,Joe Kelley, 154
1256,1895,7.,Billy Hamilton, 153
1257,1895,8.,Jesse Burkett, 152
1258,1895,9.,Bill Joyce, 149
1259,1895,10.,Mike Tiernan, 147
1260,1894,1.,Sam Thompson, 182
1261,1894,2.,Bill Joyce, 178
1262,1894,3.,Hugh Duffy, 173
1263,1894,4.,Joe Kelley, 161
1264,1894,5.,Ed Delahanty, 160
1265,1894,6.,Billy Hamilton, 157
1266,1894,7.,Jake Stenzel, 145
1267,1894,8.,Tuck Turner, 144
1268,1894,9.,Bill Dahlen, 138
1269,1894,10.,Mike Griffin, 137
1270,1893,1.,Billy Hamilton, 167
1271,1893,2.,Ed Delahanty, 164
1272,1893,3.,Mike Smith, 158
1273,1893,4.,George Davis, 155
1274,1893,5.,Sam Thompson, 151
1275,1893,6.,Jesse Burkett, 147
1276,1893,7.,Mike Tiernan, 132
1277,1893,8.,Cupid Childs, 132
1278,1893,9.,Joe Kelley, 132
1279,1893,10.,Denny Lyons, 131
1280,1892,1.,Dan Brouthers, 179
1281,1892,2.,Roger Connor, 166
1282,1892,3.,Oyster Burns, 159
1283,1892,4.,Ed Delahanty, 157
1284,1892,5.,Buck Ewing, 156
1285,1892,6.,Billy Hamilton, 152
1286,1892,7.,Jimmy Ryan, 152
1287,1892,8.,Cupid Childs, 150
1288,1892,9.,Bug Holliday, 144
1289,1892,10.,Sam Thompson, 144
1290,1891,1.,Dan Brouthers, 179
1291,1891,2.,Mike Tiernan, 163
1292,1891,3.,Jocko Milligan, 155
1293,1891,4.,Billy Hamilton, 155
1294,1891,5.,Roger Connor, 153
1295,1891,6.,Denny Lyons, 150
1296,1891,7.,Bug Holliday, 147
1297,1891,8.,Tom Brown, 146
1298,1891,9.,Hugh Duffy, 145
1299,1891,10.,Duke Farrell, 144
1300,1890,1.,Denny Lyons, 193
1301,1890,2.,Cupid Childs, 180
1302,1890,3.,Pete Browning, 169
1303,1890,4.,Chicken Wolf, 166
1304,1890,5.,Spud Johnson, 161
1305,1890,6.,Mike Tiernan, 160
1306,1890,7.,Ed Swartwood, 157
1307,1890,8.,Roger Connor, 156
1308,1890,9.,Jake Beckley, 151
1309,1890,10.,Tommy McCarthy, 149
1310,1889,1.,Fred Carroll, 183
1311,1889,2.,Tommy Tucker, 169
1312,1889,3.,Dan Brouthers, 165
1313,1889,4.,Harry Stovey, 163
1314,1889,5.,Roger Connor, 161
1315,1889,6.,Mike Tiernan, 159
1316,1889,7.,Denny Lyons, 158
1317,1889,8.,Jimmy Ryan, 151
1318,1889,9.,Cap Anson, 150
1319,1889,10.,Henry Larkin, 146
1320,1888,1.,Roger Connor, 176
1321,1888,2.,Cap Anson, 176
1322,1888,3.,Jimmy Ryan, 174
1323,1888,4.,Dan Brouthers, 174
1324,1888,5.,John Reilly, 172
1325,1888,6.,Harry Stovey, 166
1326,1888,7.,Pete Browning, 165
1327,1888,8.,King Kelly, 165
1328,1888,9.,Hub Collins, 159
1329,1888,10.,Buck Ewing, 158
1330,1887,1.,Tip O'Neill, 213
1331,1887,2.,Pete Browning, 177
1332,1887,3.,Bob Caruthers, 169
1333,1887,4.,Dan Brouthers, 169
1334,1887,5.,Sam Thompson, 166
1335,1887,6.,Oyster Burns, 164
1336,1887,7.,Denny Lyons, 162
1337,1887,8.,Roger Connor, 161
1338,1887,9.,Dave Orr, 161
1339,1887,10.,Sam Wise, 153
1340,1886,1.,Dan Brouthers, 208
1341,1886,2.,Bob Caruthers, 201
1342,1886,3.,King Kelly, 193
1343,1886,4.,Dave Orr, 185
1344,1886,5.,Roger Connor, 183
1345,1886,6.,Cap Anson, 180
1346,1886,7.,Hardy Richardson, 173
1347,1886,8.,Henry Larkin, 165
1348,1886,9.,Guy Hecker, 161
1349,1886,10.,Harry Stovey, 158
1350,1885,1.,Dan Brouthers, 203
1351,1885,2.,Dave Orr, 202
1352,1885,3.,Roger Connor, 200
1353,1885,4.,Pete Browning, 190
1354,1885,5.,Henry Larkin, 175
1355,1885,6.,George Gore, 163
1356,1885,7.,Harry Stovey, 163
1357,1885,8.,Charlie Bennett, 162
1358,1885,9.,Hardy Richardson, 157
1359,1885,10.,Buck Ewing, 156
1360,1884,1.,Fred Dunlap, 256
1361,1884,2.,Orator Shafer, 201
1362,1884,3.,Dan Brouthers, 190
1363,1884,4.,John Reilly, 189
1364,1884,5.,Dave Orr, 189
1365,1884,6.,Buster Hoover, 188
1366,1884,7.,Harry Stovey, 185
1367,1884,8.,King Kelly, 185
1368,1884,9.,Frank Fennelly, 181
1369,1884,10.,Cap Anson, 177
1370,1883,1.,Ed Swartwood, 188
1371,1883,2.,Dan Brouthers, 187
1372,1883,3.,Pete Browning, 179
1373,1883,4.,Roger Connor, 171
1374,1883,5.,Harry Stovey, 163
1375,1883,6.,John Morrill, 155
1376,1883,7.,John Reilly, 151
1377,1883,8.,Charlie Bennett, 151
1378,1883,9.,Charley Jones, 148
1379,1883,10.,George Gore, 147
1380,1882,1.,Pete Browning, 223
1381,1882,2.,Dan Brouthers, 199
1382,1882,3.,Ed Swartwood, 188
1383,1882,4.,Roger Connor, 185
1384,1882,5.,Jim Whitney, 183
1385,1882,6.,Cap Anson, 180
1386,1882,7.,Hick Carpenter, 155
1387,1882,8.,Paul Hines, 151
1388,1882,9.,Charlie Bennett, 151
1389,1882,10.,George Gore, 148
1390,1881,1.,Cap Anson, 192
1391,1881,2.,Dan Brouthers, 181
1392,1881,3.,Fred Dunlap, 156
1393,1881,4.,Jack Rowe, 154
1394,1881,5.,Charlie Bennett, 150
1395,1881,6.,Martin Powell, 150
1396,1881,7.,Tom York, 148
1397,1881,8.,King Kelly, 140
1398,1881,9.,George Gore, 138
1399,1881,10.,Jim O'Rourke, 137
1400,1880,1.,George Gore, 185
1401,1880,2.,Roger Connor, 169
1402,1880,3.,Abner Dalrymple, 160
1403,1880,4.,Cap Anson, 158
1404,1880,5.,Charley Jones, 157
1405,1880,6.,Jim O'Rourke, 157
1406,1880,7.,John O'Rourke, 152
1407,1880,8.,Paul Hines, 149
1408,1880,9.,Fred Dunlap, 142
1409,1880,10.,Harry Stovey, 140
1410,1879,1.,King Kelly, 182
1411,1879,2.,Charley Jones, 180
1412,1879,3.,John O'Rourke, 180
1413,1879,4.,Paul Hines, 177
1414,1879,5.,Jim O'Rourke, 171
1415,1879,6.,Deacon White, 153
1416,1879,7.,Tom York, 151
1417,1879,8.,Ned Williamson, 149
1418,1879,9.,Buttercup Dickerson, 142
1419,1879,10.,Joe Start, 141
1420,1878,1.,Orator Shafer, 184
1421,1878,2.,Paul Hines, 177
1422,1878,3.,Charley Jones, 158
1423,1878,4.,Tom York, 158
1424,1878,5.,Lew Brown, 153
1425,1878,6.,Joe Start, 152
1426,1878,7.,Abner Dalrymple, 151
1427,1878,8.,Bob Ferguson, 149
1428,1878,9.,Cap Anson, 147
1429,1878,10.,Dick Higham, 144
1430,1877,1.,Deacon White, 193
1431,1877,2.,John Cassidy, 178
1432,1877,3.,Charley Jones, 171
1433,1877,4.,Jim O'Rourke, 165
1434,1877,5.,Jack Manning, 153
1435,1877,6.,Cal McVey, 153
1436,1877,7.,Joe Start, 146
1437,1877,8.,Lip Pike, 145
1438,1877,9.,Cap Anson, 134
1439,1877,10.,John Clapp, 134
1440,1876,1.,Ross Barnes, 235
1441,1876,2.,George Hall, 204
1442,1876,3.,Lip Pike, 179
1443,1876,4.,Cap Anson, 165
1444,1876,5.,Levi Meyerle, 162
1445,1876,6.,Jim O'Rourke, 159
1446,1876,7.,Charley Jones, 158
1447,1876,8.,Deacon White, 148
1448,1876,9.,John Peters, 148
1449,1876,10.,Paul Hines, 146
1450,1875,1.,Lip Pike, 203
1451,1875,2.,Cal McVey, 192
1452,1875,3.,Deacon White, 178
1453,1875,4.,Ross Barnes, 176
1454,1875,5.,Bill Craver, 162
1455,1875,6.,George Wright, 159
1456,1875,7.,Paul Hines, 149
1457,1875,8.,Levi Meyerle, 149
1458,1875,9.,Jim O'Rourke, 147
1459,1875,10.,Bill Boyd, 147
1460,1874,1.,Levi Meyerle, 183
1461,1874,2.,Lip Pike, 172
1462,1874,3.,Bill Craver, 167
1463,1874,4.,Cal McVey, 162
1464,1874,5.,George Wright, 153
1465,1874,6.,John McMullin, 145
1466,1874,7.,Jim Holdsworth, 144
1467,1874,8.,Jack Manning, 144
1468,1874,9.,Ross Barnes, 143
1469,1874,10.,Jim O'Rourke, 141
1470,1873,1.,Ross Barnes, 207
1471,1873,2.,George Wright, 160
1472,1873,3.,Cal McVey, 157
1473,1873,4.,Deacon White, 156
1474,1873,5.,Charlie Pabor, 147
1475,1873,6.,Cap Anson, 147
1476,1873,7.,Levi Meyerle, 140
1477,1873,8.,Jim O'Rourke, 138
1478,1873,9.,Davy Force, 137
1479,1873,10.,Everett Mills, 137
1480,1872,1.,Ross Barnes, 211
1481,1872,2.,Cap Anson, 200
1482,1872,3.,Davy Force, 179
1483,1872,4.,Jimmy Wood, 156
1484,1872,5.,Levi Meyerle, 147
1485,1872,6.,George Wright, 144
1486,1872,7.,Scott Hastings, 144
1487,1872,8.,Al Spalding, 144
1488,1872,9.,George Hall, 142
1489,1872,10.,Dave Eggler, 141
1490,1871,1.,Levi Meyerle, 237
1491,1871,2.,Lip Pike, 192
1492,1871,3.,Ross Barnes, 185
1493,1871,4.,Rynie Wolters, 182
1494,1871,5.,Cal McVey, 175
1495,1871,6.,Jimmy Wood, 174
1496,1871,7.,John Bass, 171
1497,1871,8.,Steve King, 166
1498,1871,9.,Ezra Sutton, 159
1499,1871,10.,Fred Treacey, 153
